RA              DEC             F_INT   SPINDEX MAJAX   MINAX   PA
# 45.0            -26.701         20.0  0.0     1.0     1.0     0.0
# 315.0           -26.701         2000.0  0.0     1.0     1.0     0.0
# 0.0             +20.0           1000.0  0.0     1.0     1.0     0.0
# 0.0             -73.402         2000.0  0.0     1.0     1.0     0.0
# 0.0             -26.701         10.0   0.0     1.0     1.0     0.0  
# 266.416837      -29.00781       1000.0  0.0     1.0     1.0     0.0
# 0.0             -30.7224         10.0   0.0     0.033     0.033     0.0

# 5.0             -30.7224         20.0   0.0     0.033     0.033     0.0
# -10.0             0.0             50.0   0.0     0.033     0.033     0.0
# 20.0             -20.7224         100.0   0.0     0.033     0.033     0.0

# 60.0             -30.7224         100.0   0.0     0.033     0.033     0.0
# -60.0             -30.7224         100.0   0.0     0.033     0.033     0.0  
# 0.0             +50.0           2000.0  0.0     1.0     1.0     0.0
# 0.0             -50.0           3000.0  0.0     1.0     1.0     0.0

0.0             -26.701         10.0     0.0     0.0      0.0     0.0
5.0             -31.701         20.0     0.0     0.0      0.0     0.0
-10.0             -21.701         50.0     0.0     0.0      0.0     0.0
