Station_ID        Label   Longitude     Latitude             East            North               Up
---------- ------------ ----------- ------------ ---------------- ---------------- ----------------
         0 Array_Centre 116.7644482 -26.82472208      0.000000000      0.000000000      0.000000000
         1           C1 116.7655399 -26.82598212    108.522856099   -139.613879910     -0.002457809
         2           C2 116.7639199 -26.82400458    -52.517743156     79.499438442     -0.000713845
         3           C3 116.7651234 -26.82519844     67.120213028    -52.781234553     -0.000572342
         4           C4 116.7632707  -26.8251632   -117.052836629    -48.876979507     -0.001261512
         5           C5 116.7647362 -26.82463766     28.629615694      9.353768390     -0.000071103
         6           C6 116.7642597 -26.82325862    -18.738707951    162.152462659     -0.002098374
         7           C7 116.7642824 -26.82416999    -16.481978370     61.171983392     -0.000316001
         8           C8   116.76438 -26.82506289     -6.779626743    -37.762012804     -0.000115911
         9           C9 116.7654336 -26.82419534     97.957405719     58.362814749     -0.001019991
        10          C10 116.7631211 -26.82429413   -131.925269320     47.416498188     -0.001540518
        11          C11 116.7635745 -26.82428184    -86.853379735     48.778630182     -0.000778352
        12          C12 116.7658808 -26.82362068    142.413727774    122.035153997     -0.002761790
        13          C13 116.7644358  -26.8255531     -1.232654104    -92.077660496     -0.000667868
        14          C14 116.7647771 -26.82533563     32.695218420    -67.981857096     -0.000447733
        15          C15  116.764054 -26.82459854    -39.186799939     13.688266046     -0.000135056
        16          C16 116.7626123 -26.82468757   -182.503779221      3.822415064     -0.002610449
        17          C17 116.7648029 -26.82399616     35.260353725     80.432440830     -0.000606927
        18          C18 116.7658352 -26.82414453    137.880030776     63.992228402     -0.001811823
        19          C19 116.7640291 -26.82512808    -41.661875973    -44.985182253     -0.000295359
        20          C20 116.7649085 -26.82491591     45.757569145    -21.476596288     -0.000200352
        21          C21   116.76592 -26.82458807    146.309328879     14.847562906     -0.001694327
        22          C22 116.7661627 -26.82516717    170.434888649    -49.317466541     -0.002467166
        23          C23 116.7651635 -26.82559726     71.106220801    -96.970823278     -0.001136697
        24          C24 116.7640078 -26.82355978    -43.779868245    128.783647260     -0.001456401
        25          C25 116.7654027 -26.82351788     94.886238888    133.425917968     -0.002107441
        26          C26  116.763623 -26.82333348    -82.032740786    153.857666101     -0.002391592
        27          C27 116.7645438 -26.82367721      9.503522000    115.772387341     -0.001062713
        28          C28 116.7647061 -26.82617453     25.637077320   -160.932619432     -0.002091314
        29          C29 116.7639855 -26.82568058    -45.995839927   -106.202628058     -0.001054068
        30          C30 116.7650723 -26.82371812     62.041275644    111.239379638     -0.001276127
        31          C31 116.7654382 -26.82539298     98.413651385    -74.336623104     -0.001193959
        32          C32 116.7650863 -26.82320406     63.433290547    168.197605851     -0.002543371
        33          C33 116.7638584 -26.82607063    -58.630329576   -149.420527401     -0.002027723
        34          C34 116.7662326 -26.82416669    177.385060590     61.536390180     -0.002763226
        35          C35 116.7636826   -26.825313    -76.106610510    -65.474622591     -0.000791398
        36          C36 116.7631402  -26.8256788   -130.024982840   -106.005988601     -0.002209490
        37          C37 116.7651604 -26.82466117     70.798639196      6.748676243     -0.000396261
        38          C38 116.7633534 -26.82474063   -108.832204611     -2.055823479     -0.000928220
        39          C39 116.7651052 -26.82620429     65.310412560   -164.230193938     -0.002458427
        40          C40 116.7626254 -26.82423371   -181.202251860     54.110468967     -0.002802819
        41          C41 116.7636904 -26.82458619    -75.331710333     15.056491544     -0.000462420
        42          C42 116.7663276 -26.82449107    186.828364469     25.594702487     -0.002786017
        43          C43 116.7625929 -26.82524526   -184.431398155    -57.970095944     -0.002929383
        44          C44 116.7649674 -26.82438176     51.612950903     37.707611260     -0.000320674
        45          C45 116.7638367 -26.82640251    -60.787287342   -186.193104670     -0.003019906
        46          C46 116.7628656  -26.8238663   -157.324779854     94.820095837     -0.002647102
        47          C47 116.7659002 -26.82575495    144.339563351   -114.443623928     -0.002663660
        48          C48 116.7628386  -26.8249453   -160.007308901    -24.733962265     -0.002053854
        49          C49 116.7645657 -26.82298227     11.680655305    192.772256725     -0.002937494
        50          C50 116.7662168 -26.82557408    175.812229390    -94.403485334     -0.003123373
        51          C51 116.7647726 -26.82341861     32.248426106    144.425423816     -0.001724298
        52          C52 116.7642471 -26.82596996    -19.990792977   -138.266091598     -0.001536999
        53          C53 116.7633445  -26.8238249   -109.717820449     99.407750722     -0.001721347
        54          C54 116.7655102 -26.82451286    105.571823525     23.181295022     -0.000915449
        55          C55 116.7664459  -26.8248581    198.587752020    -15.072683023     -0.003107370
        56          C56 116.7629456  -26.8254135   -149.370026187    -76.610755284     -0.002210118
        57          C57 116.7648417 -26.82577849     39.116808847   -117.051109697     -0.001198955
        58          C58 116.7635399 -26.82582645    -90.291696357   -122.365377735     -0.001817962
        59          C59 116.7644183 -26.82448199     -2.972314860     26.602155820     -0.000056430
        60          C60 116.7656886 -26.82504806    123.305720007    -36.119437814     -0.001293847
        61          C61 116.7631797 -26.82605715   -126.097968569   -147.927426480     -0.002969114
        62          C62 116.7634832 -26.82624136    -95.927743702   -168.337774880     -0.002952752
        63          C63  116.763684 -26.82495975    -75.967675177    -26.334247823     -0.000506723
        64          C64 116.7632454 -26.82340203   -119.569705813    146.261975063     -0.002804886
        65          C65 116.7639195 -26.82303146    -52.557955691    187.321864202     -0.002980041
        66          C66 116.7643659 -26.82645226     -8.181179990   -191.705300522     -0.002899739
        67          C67  116.762996 -26.82465271   -144.360841717      7.685423738     -0.001637248
        68          C68 116.7654434 -26.82316337     98.932507915    172.705859829     -0.003115951
        69          C69 116.7655698 -26.82382532    111.497242873     99.361198812     -0.001751454
        70          C70 116.7642254 -26.82381443    -22.148348868    100.568292068     -0.000835006
        71          C71 116.7658689 -26.82541509    141.228532701    -76.786834800     -0.002026902
        72          C72 116.7661605 -26.82381893    170.218205835    100.068560314     -0.003058502
        73          C73 116.7648361 -26.82648871     38.559887022   -195.744045798     -0.003134219
        74          C74  116.762772 -26.82568999   -166.626800316   -107.246279512     -0.003080929
        75          C75 116.7653454 -26.82494098     89.188968066    -24.254603824     -0.000669498
        76          C76 116.7663944 -26.82617565    193.465992185   -161.058173035     -0.004975180
        77          C77 116.7664468 -26.82650837    198.674341038   -197.923894227     -0.006177497
        78          C78 116.7625601 -26.82260188   -187.696331223    234.918359529     -0.007106378
        79          C79 116.7657815 -26.82657439    132.538949967   -205.238095107     -0.004693727
        80          C80 116.7616289 -26.82384839   -280.264009513     96.802406250     -0.006891427
        81          C81 116.7652462 -26.82734339     79.326009158   -290.443466703     -0.007136932
        82          C82 116.7631213 -26.82666532   -131.902641804   -215.313205062     -0.005014260
        83          C83 116.7672825 -26.82346752    281.756087667    139.003055563     -0.007740872
        84          C84 116.7627999 -26.82644619   -163.852244136   -191.033800607     -0.004977473
        85          C85 116.7664591 -26.82314495    199.902946448    174.745614247     -0.005535546
        86          C86 116.7635966 -26.82688522    -84.654512705   -239.677895875     -0.005085806
        87          C87 116.7621415  -26.8254654   -229.303661895    -82.362514866     -0.004653370
        88          C88  116.764998 -26.82695038     54.653621957   -246.897510650     -0.005035071
        89          C89 116.7629746 -26.82285708   -146.490489974    206.642556766     -0.005044255
        90          C90 116.7615335 -26.82422313   -289.746682252     55.280715982     -0.006817521
        91          C91 116.7627927 -26.82686624   -164.567366276   -237.575685620     -0.006566996
        92          C92 116.7617537 -26.82455842   -267.856087228     18.130811428     -0.005646495
        93          C93 116.7632495 -26.82217299   -119.163412577    282.440518692     -0.007395291
        94          C94 116.7672552 -26.82585337    279.036366484   -125.350896410     -0.007337144
        95          C95 116.7621609 -26.82416921   -227.377740460     61.256370661     -0.004345729
        96          C96  116.761874 -26.82327722   -255.900127904    160.088988574     -0.007148538
        97          C97 116.7653964 -26.82272323     94.260617398    221.473733755     -0.004559267
        98          C98 116.7671022 -26.82427994    263.830689693     48.986693041     -0.005641938
        99          C99 116.7656369 -26.82703905    118.164259444   -256.722652792     -0.006284621
       100         C100 116.7656085 -26.82629731    115.341871851   -174.537241744     -0.003441487
       101         C101  116.763807 -26.82221824    -63.742012014    277.427187248     -0.006380111
       102         C102 116.7634192 -26.82276293   -102.292914475    217.074881918     -0.004531012
       103         C103 116.7668948 -26.82564607    243.210408525   -102.381152471     -0.005459426
       104         C104 116.7661372 -26.82255359    167.903838685    240.269205848     -0.006755267
       105         C105 116.7640186 -26.82263542    -42.706594020    231.203426185     -0.004352987
       106         C106 116.7621211 -26.82296638   -231.336653159    194.530765912     -0.007172907
       107         C107 116.7668842 -26.82385968    242.160486494     95.552254289     -0.005313049
       108         C108 116.7622668 -26.82505449   -216.848663659    -36.833147290     -0.003790630
       109         C109 116.7658279 -26.82239906    137.156447882    257.391614799     -0.006691585
       110         C110 116.7649912 -26.82236118     53.979833273    261.589376315     -0.005617724
       111         C111 116.7626226 -26.82598492   -181.477806364   -139.924960250     -0.004122081
       112         C112 116.7645539 -26.82694785     10.507253491   -246.617070659     -0.004798819
       113         C113 116.7633663 -26.82718924   -107.547525636   -273.363730965     -0.006791650
       114         C114 116.7622453 -26.82341098   -218.989095609    145.268974985     -0.005418935
       115         C115 116.7616692 -26.82577828   -276.253143449   -117.030804156     -0.007057242
       116         C116 116.7628237 -26.82354014   -161.490481873    130.958816827     -0.003393773
       117         C117 116.7660285 -26.82622295    157.092888969   -166.298545372     -0.004111390
       118         C118 116.7642422 -26.82201412    -20.478599505    300.043976197     -0.007123315
       119         C119 116.7667019 -26.82340513    224.039107588    145.917070734     -0.005609066
       120         C120 116.7665894 -26.82535037    212.851908213    -69.616813008     -0.003930947
       121         C121 116.7621203 -26.82373723   -231.414615137    109.120008275     -0.005133093
       122         C122 116.7645773 -26.82234715     12.833880907    263.144019485     -0.005466609
       123         C123 116.7662301 -26.82342668    177.137689281    143.530059973     -0.004080635
       124         C124 116.7672749 -26.82481892    280.997242630    -10.733074481     -0.006194705
       125         C125 116.7624309 -26.82653613   -200.533198491   -200.999753753     -0.006332270
       126         C126  116.766926 -26.82617013    246.310789544   -160.447473314     -0.006780314
       127         C127 116.7620173 -26.82651026   -241.647877304   -198.134057339     -0.007666405
       128         C128 116.7622932 -26.82623597   -214.222069862   -167.742012042     -0.005811172
       129         C129 116.7617214 -26.82541223   -271.064948648    -76.472065173     -0.006216663
       130         C130 116.7640445 -26.82718983    -40.130267011   -273.428709030     -0.006014501
       131         C131 116.7667126 -26.82415317    225.101310713     63.033655660     -0.004282434
       132         C132 116.7661493 -26.82672156    169.100514860   -221.545085600     -0.006105819
       133         C133 116.7668224 -26.82295559    236.018879266    195.726219226     -0.007381077
       134         C134 116.7653755 -26.82224409     92.183334881    274.562812706     -0.006602998
       135         C135 116.7616432 -26.82507543   -278.839456153    -39.154532786     -0.006211742
       136         C136 116.7675196 -26.82533617    305.321049983    -68.045340089     -0.007667539
       137         C137 116.7626337 -26.82301075   -180.379095748    189.615368099     -0.005380629
       138         C138 116.7647103 -26.82190813     26.055562733    311.787734822     -0.007709551
       139         C139 116.7631223 -26.82255216   -131.807994388    240.428079454     -0.005913780
       140         C140 116.7622778  -26.8258963   -215.753580929   -130.106333787     -0.004979884
       141         C141 116.7668197 -26.82653546    235.743063984   -200.926125756     -0.007533329
       142         C142 116.7642399 -26.82680215    -20.706373716   -230.473406330     -0.004217152
       143         C143 116.7661542 -26.82704072    169.587131857   -256.908276324     -0.007451316
       144         C144 116.7674227 -26.82443615    295.690772527     31.677799625     -0.006928481
       145         C145 116.7666547 -26.82590629    219.342164837   -131.213295508     -0.005124986
       146         C146 116.7661875 -26.82288295    172.903672190    203.775807434     -0.005612476
       147         C147 116.7669636 -26.82463374    250.051867265      9.785662939     -0.004905783
       148         C148 116.7644075 -26.82266232     -4.045991543    228.222957975     -0.004103545
       149         C149 116.7664854 -26.82271089    202.518192928    222.839742122     -0.007124000
       150         C150 116.7665177 -26.82374226    205.727275614    108.563125312     -0.004243872
       151         C151 116.7613343 -26.82451061   -309.548123948     23.427242409     -0.007549707
       152         C152 116.7612312 -26.82550191   -319.794357172    -86.409819766     -0.008599715
       153         C153 116.7686378 -26.82529022    416.478995404    -62.957222765     -0.013900505
       154         C154 116.7605929 -26.82579734   -383.245255607   -119.145462400     -0.012624288
       155         C155 116.7650951 -26.82117971     64.309238076    392.497057643     -0.012457246
       156         C156 116.7653222  -26.8280368     86.880338245   -367.273909786     -0.011215239
       157         C157 116.7627565 -26.82784591   -168.164433097   -346.123962679     -0.011650944
       158         C158  116.764037 -26.82792142    -40.875550663   -354.489478361     -0.010028067
       159         C159 116.7683599 -26.82601356    388.851093465   -143.102980144     -0.013458194
       160         C160 116.7609995 -26.82640912   -342.824375408   -186.930007448     -0.011959200
       161         C161 116.7640259 -26.82096612    -41.981515156    416.163075644     -0.013778617
       162         C162 116.7618694  -26.8227134   -256.358680718    222.560653567     -0.009049674
       163         C163 116.7676604 -26.82675263    319.313694354   -224.990572889     -0.011974456
       164         C164 116.7665496 -26.82770799    208.891155399   -330.842922390     -0.012039192
       165         C165 116.7686127 -26.82458774    413.986412163     14.878185851     -0.013443604
       166         C166 116.7653518 -26.82141498     89.827960311    366.428817577     -0.011207212
       167         C167 116.7659312 -26.82734683    147.419132855   -290.825233142     -0.008363952
       168         C168 116.7610827 -26.82372739   -334.561602426    110.207975065     -0.009725240
       169         C169 116.7677769 -26.82592112    330.896972040   -132.858902823     -0.009967823
       170         C170 116.7609614 -26.82337974   -346.620993999    148.727530627     -0.011154326
       171         C171 116.7661936 -26.82755908    173.502950093   -314.343037025     -0.010140648
       172         C172 116.7658204 -26.82776267    136.404447445   -336.900519459     -0.010396986
       173         C173 116.7645573 -26.82851292     10.845086132   -420.028103934     -0.013904301
       174         C174  116.767146  -26.8269159    268.178584756   -243.079829732     -0.010287889
       175         C175 116.7627073 -26.82148846   -173.064846426    358.286314014     -0.012456702
       176         C176 116.7613301 -26.82291113   -309.969991786    200.650820699     -0.010697884
       177         C177 116.7634317 -26.82799351   -101.045649191   -362.477447731     -0.011148103
       178         C178 116.7611987 -26.82487698   -323.026877424    -17.167172935     -0.008197637
       179         C179 116.7644733 -26.82135602      2.495222410    372.961947219     -0.010956026
       180         C180 116.7677047  -26.8235112    323.726615940    134.162272129     -0.009627519
       181         C181 116.7677574 -26.82414156    328.963669453     64.317772819     -0.008803469
       182         C182 116.7613807 -26.82344169   -304.938430947    141.864500125     -0.008869660
       183         C183  116.766763 -26.82156738    230.116737862    349.541010090     -0.013771149
       184         C184 116.7623196 -26.82792623   -211.594585225   -355.024137790     -0.013434482
       185         C185 116.7618808 -26.82684172   -255.216156476   -234.860357420     -0.009446997
       186         C186 116.7611495 -26.82416534   -327.919808388     61.682957907     -0.008723605
       187         C187 116.7678962 -26.82551428    342.757483271    -87.781028140     -0.009810402
       188         C188 116.7682371 -26.82470261    376.648225609      2.151671104     -0.011113890
       189         C189 116.7680438  -26.8233971    357.436691532    146.803727983     -0.011706092
       190         C190 116.7685012  -26.8241408    402.903952867     64.399837690     -0.013043595
       191         C191 116.7648745 -26.82773344     42.376643984   -333.661145649     -0.008908989
       192         C192 116.7614764 -26.82718221   -295.415247513   -272.587800317     -0.012688865
       193         C193 116.7637109 -26.82115804    -73.296043055    394.898060108     -0.012703022
       194         C194 116.7622888 -26.82736392   -214.657334923   -292.719783439     -0.010358225
       195         C195 116.7665419  -26.8218194    208.136490544    321.617393875     -0.011540461
       196         C196 116.7670628 -26.82233543    259.918423451    264.439934381     -0.010799971
       197         C197 116.7645424 -26.82761733      9.364025175   -320.795995343     -0.008112046
       198         C198 116.7682532 -26.82523962    378.246916578    -57.349499770     -0.011467107
       199         C199 116.7610607 -26.82257748   -336.752003571    237.618800790     -0.013330824
       200         C200  116.766963 -26.82528073    249.990802343    -61.901327764     -0.005197640
       201         C201 116.7634067 -26.82842181   -103.530396346   -409.933460514     -0.014074908
       202         C202 116.7637098   -26.827613    -73.401236231   -320.316437782     -0.008503034
       203         C203  116.760337  -26.8246924   -408.687567297      3.281950187     -0.013085520
       204         C204 116.7652939  -26.8283618     84.066924937   -403.284158283     -0.013362987
       205         C205 116.7608787 -26.82458576   -354.838401790     15.099372814     -0.009881686
       206         C206 116.7653751 -26.82768902     92.139166374   -328.739638598     -0.009176623
       207         C207 116.7659601 -26.82093591    150.300425254    419.509540029     -0.015630506
       208         C208 116.7655451 -26.82080717    109.044727008    433.774447071     -0.015750983
       209         C209 116.7660134 -26.82141401    155.598411538    366.535654841     -0.012477917
       210         C210  116.765662  -26.8215957    120.665123139    346.404654612     -0.010591504
       211         C211 116.7656703 -26.82117011    121.490688624    393.560323625     -0.013355375
       212         C212 116.7663145 -26.82120899    185.531457963    389.251613014     -0.014630027
       213         C213 116.7600867 -26.82541986   -433.566705894    -77.322011164     -0.015197118
       214         C214 116.7607958 -26.82543758   -363.076645815    -79.283176404     -0.010822127
       215         C215 116.7602056 -26.82500971   -421.748648337    -31.876672150     -0.014014400
       216         C216 116.7600324  -26.8258537   -438.962872403   -125.392009531     -0.016333436
       217         C217 116.7597561  -26.8256036   -466.430140765    -97.681718424     -0.017794783
       218         C218 116.7605133 -26.82521484   -391.160082985    -54.604250108     -0.012221238
       219         C219  116.767651  -26.8278177    318.376295744   -343.001166888     -0.017206820
       220         C220 116.7672891 -26.82765479    282.401808530   -324.949749746     -0.014564053
       221         C221 116.7673298 -26.82721763    286.448722164   -276.512158241     -0.012449860
       222         C222  116.766967 -26.82782358    250.382843911   -343.651143686     -0.014212441
       223         C223 116.7675715 -26.82745917    310.474526868   -303.275554002     -0.014795492
       224         C224 116.7668773 -26.82748782    241.466872748   -306.448488385     -0.011964058
       225         E1-1 116.7627663 -26.82017705   -167.201513964    503.591549281     -0.022163923
       226         E1-2 116.7624285 -26.81991547   -200.783443148    532.574305660     -0.025497244
       227         E1-3 116.7627393 -26.81976351   -169.886262139    549.412032505     -0.026034913
       228         E1-4 116.7621333 -26.81972558   -230.130399144    553.613748086     -0.028287807
       229         E1-5 116.7629951 -26.81950173   -144.456840485    578.417753476     -0.027985212
       230         E1-6 116.7624133 -26.81922925   -202.295731643    608.607929557     -0.032378848
       231         E2-1 116.7575812 -26.82106002   -682.658835615    405.740498057     -0.049473813
       232         E2-2 116.7571411 -26.82075518   -726.411784320    439.514544048     -0.056551922
       233         E2-3 116.7582742 -26.82063137   -613.768969022    453.238759488     -0.045690669
       234         E2-4 116.7576853 -26.82062054   -672.312690889    454.435748573     -0.051674568
       235         E2-5 116.7572467 -26.82034479   -715.916479622    484.986644415     -0.058677034
       236         E2-6 116.7579644 -26.82030267   -644.568629997    489.657415034     -0.051431353
       237         E3-1 116.7530506 -26.82574525  -1133.006016998   -113.418884659     -0.101577574
       238         E3-2 116.7534118  -26.8257181  -1097.100318624   -110.407471241     -0.095251580
       239         E3-3 116.7525791 -26.82539971  -1179.880194290    -75.137077012     -0.109502199
       240         E3-4 116.7533349 -26.82533874  -1104.748430221    -68.374753690     -0.095978959
       241         E3-5 116.7529682 -26.82530981  -1141.201550811    -65.172530488     -0.102359067
       242         E3-6 116.7530614 -26.82497726  -1131.940048483    -28.324898429     -0.100438474
       243         E4-1 116.7520466 -26.83431587  -1232.718293261  -1063.060228205     -0.208050156
       244         E4-2 116.7524497 -26.83423445  -1192.651030937  -1054.034967519     -0.198932416
       245         E4-3 116.7524928 -26.83386187  -1188.370778950  -1012.752359195     -0.191414065
       246         E4-4 116.7528935  -26.8337915  -1148.541774596  -1004.951611623     -0.182882838
       247         E4-5 116.7519148 -26.83370172  -1245.825924548   -995.013134267     -0.199565254
       248         E4-6 116.7522365 -26.83333486  -1213.852702681   -954.361598227     -0.187163028
       249         N1-1 116.7601497 -26.82900989   -427.290552517   -475.100021707     -0.032080638
       250         N1-2 116.7606991 -26.82898023   -372.677777826   -471.811938161     -0.028412891
       251         N1-3 116.7610568 -26.82891341   -337.120951004   -464.407226538     -0.025889750
       252         N1-4 116.7604849  -26.8287265   -393.971120343   -443.699089403     -0.027664653
       253         N1-5 116.7608437 -26.82863455   -358.304960498   -433.509890091     -0.024858787
       254         N1-6 116.7602443 -26.82831962   -417.889412707   -398.617217650     -0.026195110
       255         N2-1 116.7642049  -26.8323567    -24.184421636   -845.922243929     -0.056405087
       256         N2-2 116.7634234  -26.8323525   -101.866815472   -845.457268131     -0.057110242
       257         N2-3 116.7637745 -26.83221191    -66.966977278   -829.879538074     -0.054593177
       258         N2-4 116.7634227 -26.83203244   -101.936683132   -809.994337429     -0.052487596
       259         N2-5 116.7641982 -26.83189926    -24.850512521   -795.237488827     -0.049856269
       260         N2-6  116.763739 -26.83178841    -70.496002534   -782.955383735     -0.048670571
       261         N3-1  116.771122 -26.83354856    663.379792080   -977.998812155     -0.109807272
       262         N3-2 116.7707261 -26.83354453    624.027112767   -977.550277363     -0.105769292
       263         N3-3 116.7702908 -26.83336839    580.758924126   -958.031740806     -0.098710026
       264         N3-4 116.7708843 -26.83325587    639.753911561   -945.567275889     -0.102482022
       265         N3-5  116.770381 -26.83298091    589.726880035   -915.099023824     -0.093198596
       266         N3-6 116.7709195 -26.83279833    643.255406626   -894.871610982     -0.095485494
       267         N4-1 116.7793212 -26.83009728   1478.430067533   -595.663110429     -0.199175727
       268         N4-2 116.7791814 -26.82979154   1464.537373181   -561.785238484     -0.192884449
       269         N4-3 116.7795292 -26.82971812   1499.111011316   -553.654299457     -0.200197102
       270         N4-4 116.7788501 -26.82946553   1431.608963572   -525.659276616     -0.182319506
       271         N4-5 116.7795128 -26.82936374   1497.485446130   -514.388503089     -0.196512508
       272         N4-6 116.7791201 -26.82908633   1458.452945717   -483.646671279     -0.185057439
       273         S1-1 116.7703631 -26.82615138    587.982858490   -158.381250916     -0.029059438
       274         S1-2 116.7699892 -26.82591782    550.815685813   -132.500941756     -0.025150741
       275         S1-3 116.7696118 -26.82585567    513.299662101   -125.613091344     -0.021883303
       276         S1-4 116.7703549 -26.82583525    587.169350140   -123.353759627     -0.028207308
       277         S1-5 116.7700985 -26.82545142    561.683200266    -80.823934980     -0.025229623
       278         S1-6 116.7704838 -26.82537765    599.985366836    -72.651924081     -0.028616507
       279         S2-1  116.772083 -26.82189476    758.981431208    313.246347934     -0.052855777
       280         S2-2 116.7714744 -26.82176823    698.480805921    327.269456522     -0.046655441
       281         S2-3 116.7718145 -26.82163965    732.291276410    341.514297019     -0.051195437
       282         S2-4 116.7712388 -26.82140139    675.061773630    367.916866834     -0.046361054
       283         S2-5 116.7721587 -26.82131996    766.510694537    376.934146929     -0.057217545
       284         S2-6 116.7718594 -26.82104472    736.758677724    407.432707034     -0.055597890
       285         S3-1  116.769971 -26.81601882    549.054176272    964.315362452     -0.096855319
       286         S3-2 116.7696285 -26.81562856    515.005991604   1007.557850780     -0.100732889
       287         S3-3 116.7690852 -26.81555426    460.993444536   1015.792425351     -0.097915384
       288         S3-4 116.7701158 -26.81550478    563.452141313   1021.270682477     -0.107017075
       289         S3-5 116.7692767 -26.81523649    480.033007029   1051.000829151     -0.105050207
       290         S3-6 116.7697275 -26.81514361    524.850433648   1061.290206635     -0.110290099
       291         S4-1 116.7618649 -26.81117181   -256.832037966   1501.376271381     -0.182702475
       292         S4-2 116.7613392 -26.81110183   -309.097393322   1509.128922494     -0.186857845
       293         S4-3 116.7621652 -26.81092563   -226.976661302   1528.653723341     -0.188080540
       294         S4-4 116.7616863 -26.81074688   -274.589497975   1548.458375433     -0.194751078
       295         S4-5 116.7618862  -26.8104525   -254.715996507   1581.076256380     -0.201966728
       296         S4-6 116.7613224 -26.81043869   -310.769460665   1582.605156346     -0.204830843
       297         E5-1 116.7587488 -26.84394699   -566.472094192  -2130.150380165     -0.382513816
       298         E5-2 116.7593113 -26.84366272   -510.565633097  -2098.650576589     -0.367305449
       299         E5-3  116.758716 -26.84360499   -569.733848333  -2092.256563990     -0.370202347
       300         E5-4 116.7582899 -26.84348559   -612.085349062  -2079.028900771     -0.369777696
       301         E5-5 116.7590691 -26.84327509   -534.640142855  -2055.701759914     -0.355224025
       302         E5-6 116.7587759 -26.84296827   -563.783431548  -2021.707049596     -0.346814889
       303         E6-1 116.7717769 -26.84975404    728.373547920  -2773.586257585     -0.647442349
       304         E6-2 116.7721822 -26.84962038    768.655782719  -2758.778965331     -0.645714555
       305         E6-3 116.7717076  -26.8492535    721.489239963  -2718.125455961     -0.622672218
       306         E6-4 116.7723117 -26.84915399    781.529547507  -2707.103209910     -0.625032000
       307         E6-5 116.7713075 -26.84908174    681.725571684  -2699.092040963     -0.610180361
       308         E6-6 116.7720743  -26.8488616    757.937025192  -2674.704625574     -0.608453957
       309         E7-1 116.7906677 -26.84866896   2605.888047545  -2653.606197473     -1.086571173
       310         E7-2 116.7910262 -26.84854895   2641.521215244  -2640.316361890     -1.095678030
       311         E7-3 116.7903222 -26.84848215   2571.553923253  -2632.900393906     -1.064024218
       312         E7-4 116.7913485 -26.84839303   2673.557470310  -2623.046995856     -1.101858413
       313         E7-5 116.7906526 -26.84806248   2604.401178049  -2586.407219794     -1.058231155
       314         E7-6 116.7910011 -26.84790263   2639.041577601  -2568.702856550     -1.065272075
       315         E8-1 116.8116745  -26.8363453   4694.207211972  -1288.735780606     -1.857059686
       316         E8-2 116.8121999 -26.83616165   4746.438647984  -1268.406721029     -1.891594432
       317         E8-3 116.8112332  -26.8360942   4650.353070750  -1260.897425379     -1.819366255
       318         E8-4 116.8120439 -26.83577632   4730.948525021  -1225.705974434     -1.871705837
       319         E8-5 116.8116774 -26.83574934   4694.520038963  -1222.702961691     -1.844228507
       320         E8-6 116.8111896 -26.83568571   4646.035971132  -1215.634755572     -1.807393728
       321         E9-1 116.8261115 -26.81023238   6130.623033713   1603.979537852     -3.146980382
       322         E9-2 116.8264827 -26.80995352   6167.543159557   1634.859394412     -3.190427595
       323         E9-3  116.826081  -26.8097928   6127.614327088   1652.686703613     -3.156584306
       324         E9-4 116.8267997 -26.80959316   6199.079258873   1674.772031162     -3.231383519
       325         E9-5  116.826478 -26.80945514   6167.102844196   1690.080384270     -3.204463024
       326         E9-6 116.8260119 -26.80945385   6120.762516988   1690.245871385     -3.159898749
       327         S5-1 116.7491272 -26.81152597  -1523.211156817   1462.045857251     -0.350116221
       328         S5-2 116.7490547 -26.81109842  -1530.424834834   1509.417762773     -0.362928428
       329         S5-3 116.7496873 -26.81091406  -1467.533991986   1529.852420686     -0.353049490
       330         S5-4 116.7486614 -26.81087983  -1569.529808167   1533.632853711     -0.378228656
       331         S5-5 116.7492924 -26.81082273  -1506.796298599   1539.967209298     -0.364643432
       332         S5-6 116.7488724  -26.8105963  -1548.555958479   1565.050723357     -0.380772990
       333         S6-1 116.7369384 -26.81849759  -2734.852150611    689.381696649     -0.623363157
       334         S6-2 116.7374566 -26.81848799  -2683.336179603    690.456439833     -0.601613615
       335         S6-3 116.7372028 -26.81825846  -2708.572843660    715.883127744     -0.615089897
       336         S6-4 116.7376329 -26.81799621  -2665.821042228    744.949704288     -0.600434508
       337         S6-5 116.7367779 -26.81796736  -2750.820855503    748.128065508     -0.636876778
       338         S6-6 116.7372458  -26.8178076  -2704.308744460    765.839630314     -0.619111688
       339         S7-1 116.7286485 -26.83374709  -3558.505595779  -1000.480358248     -1.070843276
       340         S7-2 116.7281764 -26.83347982  -3605.440995420   -970.879919792     -1.092588436
       341         S7-3 116.7290074 -26.83342162  -3522.840855060   -964.407980211     -1.045476000
       342         S7-4 116.7286519  -26.8332142  -3558.184285998   -941.435571117     -1.061633570
       343         S7-5 116.7288959  -26.8329414  -3533.938936724   -911.202272514     -1.043751614
       344         S7-6  116.728237 -26.83288695  -3599.436056415   -905.187673315     -1.079492528
       345         S8-1 116.7296735  -26.8560953  -3455.941495764  -3476.657704373     -1.887627342
       346         S8-2 116.7300576  -26.8560741  -3417.769927961  -3474.298320990     -1.865781008
       347         S8-3 116.7304059 -26.85574847  -3383.165237114  -3438.208785903     -1.827696225
       348         S8-4 116.7300923 -26.85559479  -3414.335795828  -3421.189246949     -1.835100200
       349         S8-5 116.7297105 -26.85548493  -3452.282925356  -3409.026947819     -1.848970293
       350         S8-6 116.7300099  -26.8551816  -3422.537249148  -3375.409505446     -1.814987089
       351         S9-1 116.7478812 -26.88073626  -1646.086906446  -6206.545202286     -3.246182935
       352         S9-2 116.7473977 -26.88057617  -1694.129553638  -6188.813335313     -3.241443466
       353         S9-3 116.7478699 -26.88033877  -1647.215429204  -6162.502824738     -3.203568872
       354         S9-4 116.7473076 -26.88021958  -1703.087190616  -6149.303802345     -3.205434250
       355         S9-5 116.7483166 -26.88001382  -1602.836021821  -6126.492132411     -3.157415731
       356         S9-6 116.7475354 -26.87992913  -1680.457315879  -6117.118447032     -3.168341690
       357         N5-1 116.7851002 -26.82014855   2053.062878781    506.583505558     -0.350417569
       358         N5-2 116.7855278 -26.82006489   2095.573116310    515.846105829     -0.364979344
       359         N5-3 116.7848767 -26.81983794   2030.849766472    541.002903274     -0.346150773
       360         N5-4 116.7852767 -26.81970067   2070.617288953    556.206053280     -0.360242127
       361         N5-5  116.785792 -26.81951644   2121.848078506    576.610356244     -0.378888601
       362         N5-6  116.785225  -26.8193791   2065.483482342    591.837071927     -0.361800424
       363         N6-1 116.7843351  -26.8070545   1977.229684430   1957.424128569     -0.608032183
       364         N6-2  116.784902 -26.80703233   2033.593387471   1959.871621340     -0.626497087
       365         N6-3 116.7845194 -26.80677593   1995.558352557   1988.286935888     -0.623327588
       366         N6-4 116.7841326 -26.80675068   1957.101596621   1991.090668812     -0.612298222
       367         N6-5 116.7849203 -26.80671248   2035.418552621   1995.310862487     -0.638118559
       368         N6-6 116.7845937 -26.80636045   2002.952852787   2034.321148452     -0.640228425
       369         N7-1 116.7739721 -26.79281135    947.019909004   3535.689749726     -1.054844336
       370         N7-2 116.7735765   -26.792698    907.683872009   3548.251847574     -1.056137732
       371         N7-3 116.7743154 -26.79269621    981.157327878   3548.444683881     -1.067117443
       372         N7-4 116.7745857 -26.79247191   1008.036927032   3573.295062140     -1.085244937
       373         N7-5 116.7742106 -26.79234492    970.739398803   3587.368508215     -1.087400267
       374         N7-6 116.7738522   -26.792231    935.102272603   3599.993561787     -1.089226299
       375         N8-1 116.7515433 -26.78285983  -1283.325440822   4638.290142194     -1.823440294
       376         N8-2  116.752285 -26.78263646  -1209.569587436   4663.046837743     -1.827172458
       377         N8-3 116.7513539 -26.78258462  -1302.163429402   4668.781504133     -1.849606798
       378         N8-4 116.7517881  -26.7824441  -1258.985935924   4684.355510315     -1.852416349
       379         N8-5 116.7514499 -26.78225374  -1292.620451690   4705.444014245     -1.874735424
       380         N8-6 116.7520839 -26.78213682  -1229.573362503   4718.405055848     -1.871898092
       381         N9-1 116.7193487 -26.78450672  -4484.846451352   4455.083267758     -3.138918506
       382         N9-2 116.7196165 -26.78423906  -4458.225978289   4484.749454672     -3.141156341
       383         N9-3 116.7188221 -26.78418602  -4537.226072435   4490.598151020     -3.200962112
       384         N9-4   116.71924 -26.78408511  -4495.672553840   4501.793854377     -3.179486735
       385         N9-5 116.7194779 -26.78376003  -4472.027632068   4537.821150758     -3.188525616
       386         N9-6  116.718931 -26.78372956  -4526.414766496   4541.177849645     -3.229265198
       387        E10-1 116.8347371 -26.86176268   6985.025811669  -4106.070868269     -5.150091487
       388        E10-2  116.834348 -26.86159647   6946.368802665  -4087.633236060     -5.096003794
       389        E10-3 116.8353121  -26.8615534   7042.179909213  -4082.914133203     -5.197961876
       390        E10-4 116.8347631 -26.86125593   6987.640719559  -4049.923737324     -5.116887019
       391        E10-5 116.8344672 -26.86094903   6958.254037563  -4015.902567887     -5.063169447
       392        E10-6 116.8351963 -26.86090599   7030.712181021  -4011.173845216     -5.139585736
       393        E11-1 116.8641579 -26.85878643   9909.002370819  -3778.255888752     -8.816314517
       394        E11-2 116.8636119 -26.85870578   9854.748740913  -3769.277272970     -8.726977530
       395        E11-3 116.8638423 -26.85834261   9877.677082809  -3729.055488252     -8.738667223
       396        E11-4 116.8646105 -26.85829028   9954.024461590  -3723.317253699     -8.853912658
       397        E11-5 116.8636348 -26.85805447   9857.080949569  -3697.113092771     -8.688142983
       398        E11-6 116.8643041 -26.85797243   9923.602511259  -3688.075095359     -8.785968190
       399        E12-1 116.8672039 -26.90680861  10207.394128350  -9099.430789518    -14.683489615
       400        E12-2 116.8667745 -26.90652953  10164.764061841  -9068.473745167    -14.571158441
       401        E12-3 116.8662078 -26.90646679  10108.475561250  -9061.476790637    -14.471770647
       402        E12-4 116.8671252 -26.90629902  10199.622142462  -9042.960923427    -14.590375965
       403        E12-5 116.8667427 -26.90614098  10161.639939544  -9025.419121468    -14.504828180
       404        E12-6 116.8663364 -26.90612716  10121.280546880  -9023.855386304    -14.438476271
       405        E13-1 116.9401077 -26.83064117  17461.079961149   -667.918686627    -23.920003225
       406        E13-2 116.9392886  -26.8306141  17379.663354431   -664.806927061    -23.697457293
       407        E13-3 116.9397308 -26.83051693  17423.634098316   -654.101023774    -23.816230520
       408        E13-4 116.9393104  -26.8302564  17381.884928087   -625.176482010    -23.699481074
       409        E13-5  116.939966 -26.83021914  17447.059255759   -621.137966026    -23.876911946
       410        E13-6 116.9396636 -26.83002688  17417.029176123   -599.793896298    -23.792840367
       411        E14-1 116.9922323 -26.79902736  22648.679036263   2826.673217836    -40.814636018
       412        E14-2 116.9916868 -26.79866777  22594.511246231   2866.613043416    -40.640556402
       413        E14-3 116.9920482  -26.7986387  22630.451109900   2869.769640397    -40.769314700
       414        E14-4 116.9926364 -26.79850684  22688.962234080   2884.274775737    -40.983621778
       415        E14-5 116.9919191  -26.7982143  22617.698829775   2916.816235662    -40.745553696
       416        E14-6 116.9925288 -26.79820227  22678.324089516   2918.040405686    -40.961244293
       417        E15-1 117.0158578 -26.69732178  25020.013770835  14091.141428573    -64.679797805
       418        E15-2 117.0155882 -26.69708802  24993.234644522  14117.094734050    -64.632536812
       419        E15-3 117.0162532  -26.6969127  25059.452795841  14136.388811773    -64.935123810
       420        E15-4 117.0156053 -26.69673156  24995.014192104  14156.586522411    -64.727449700
       421        E15-5 117.0159925 -26.69667824  25033.559524809  14162.418002985    -64.891526134
       422        E15-6 117.0151704 -26.69667332  24951.746149874  14163.124954799    -64.572732012
       423        E16-1 117.1008345 -26.69055242  33478.697077892  14821.598011127   -105.108015688
       424        E16-2 117.1003946 -26.69039417  33434.962905765  14839.247707933   -104.919990017
       425        E16-3 117.1014443 -26.69031374  33539.456317991  14847.882335108   -105.488441394
       426        E16-4 117.1006012 -26.69008062  33455.616022368  14873.933991289   -105.109394590
       427        E16-5 117.1009888 -26.68998431  33494.219608831  14884.502753409   -105.336639316
       428        E16-6 117.1006102 -26.68974898  33456.608570743  14910.676657954   -105.200793167
       429        S10-1 116.6934694 -26.86364934  -7053.468225371  -4315.153431845     -5.364036315
       430        S10-2 116.6936477 -26.86332065  -7035.770133079  -4278.724248753     -5.319845149
       431        S10-3 116.6940413 -26.86328963  -6996.658225600  -4275.265441187     -5.274519589
       432        S10-4 116.6933202 -26.86314137  -7068.326435158  -4258.877976334     -5.342471789
       433        S10-5 116.6937032 -26.86286849  -7030.282798645  -4228.621245948     -5.280227812
       434        S10-6 116.6932109 -26.86280413  -7079.209081378  -4221.517426532     -5.329579574
       435        S11-1 116.6668404 -26.89933818  -9696.658193655  -8271.289753056    -12.754130259
       436        S11-2 116.6672183 -26.89931558  -9659.118407381  -8268.756827349    -12.693908460
       437        S11-3 116.6674161 -26.89901239  -9639.494102981  -8235.147794169    -12.620553424
       438        S11-4 116.6662459   -26.898997  -9755.746903072  -8233.531932638    -12.795093007
       439        S11-5 116.6667466 -26.89886667  -9706.016869355  -8219.052759268    -12.700511587
       440        S11-6 116.6667282 -26.89853735  -9707.872943055  -8182.564916075    -12.656200139
       441        S12-1  116.621806 -26.86551456 -14174.724574224  -4527.813125404    -17.354813973
       442        S12-2 116.6212838 -26.86537586 -14226.634184824  -4512.503389234    -17.459409401
       443        S12-3 116.6209025 -26.86524562 -14264.541257208  -4498.115408375    -17.533806615
       444        S12-4 116.6215548 -26.86514601 -14199.732938925  -4487.005372401    -17.381430080
       445        S12-5 116.6213153 -26.86482914 -14223.572335999  -4451.922571317    -17.409813389
       446        S12-6 116.6217019 -26.86470905 -14185.169722158  -4438.573192860    -17.315000121
       447        S13-1  116.654655 -26.94980057 -10902.340121065 -13863.618315794    -24.449023691
       448        S13-2 116.6543054 -26.94974299 -10937.060519954 -13857.268379081    -24.494562489
       449        S13-3 116.6546702 -26.94945108 -10900.864406088 -13824.892671746    -24.362053058
       450        S13-4 116.6541229 -26.94929703 -10955.225671008 -13807.870664728    -24.418084172
       451        S13-5 116.6550111 -26.94917824 -10867.039529188 -13794.632116782    -24.238546592
       452        S13-6 116.6544358 -26.94914686 -10924.169435693 -13791.204505687    -24.328626407
       453        S14-1 116.6724452 -27.01275912  -9130.712890484 -20838.196688233    -40.730816147
       454        S14-2 116.6721744 -27.01249221  -9157.609678445 -20808.641737396    -40.672408608
       455        S14-3 116.6726362 -27.01237268  -9111.788534436 -20795.364219585    -40.563322555
       456        S14-4 116.6730036 -27.01226612  -9075.334885053 -20783.530728613    -40.472633344
       457        S14-5 116.6721143  -27.0121388  -9163.602891972 -20769.487153276    -40.552792538
       458        S14-6 116.6726135 -27.01183478  -9114.084758611 -20735.764867274    -40.371654122
       459        S15-1 116.7350929 -27.06405311  -2912.004295325 -26518.771137480    -56.051366122
       460        S15-2 116.7346518 -27.06377415  -2955.768102047 -26487.871569582    -55.942485077
       461        S15-3 116.7350833 -27.06373507  -2912.964819208 -26483.531394131    -55.904699064
       462        S15-4 116.7355045 -27.06359356  -2871.185863734 -26467.841988784    -55.820336776
       463        S15-5 116.7345239 -27.06347916  -2968.463398699 -26455.188612534    -55.812097175
       464        S15-6 116.7350733 -27.06318397  -2913.971051769 -26422.467784671    -55.650716602
       465        S16-1 116.7249633  -27.1277494  -3914.630766971 -33576.833167789    -89.993939192
       466        S16-2 116.7244782 -27.12761601  -3962.729476034 -33562.068073537    -89.945546278
       467        S16-3 116.7253556 -27.12752824  -3875.744803492 -33552.315724886    -89.840582687
       468        S16-4 116.7248094 -27.12736266  -3929.902309819 -33533.985591931    -89.776849145
       469        S16-5  116.724343 -27.12729809  -3976.144795864 -33526.845500153    -89.767778108
       470        S16-6 116.7250603 -27.12713916  -3905.035143584 -33509.213162138    -89.630780971
       471        N10-1 116.7629117 -26.75105887   -152.839520326   8161.894675324     -5.248554453
       472        N10-2 116.7625575 -26.75091736   -188.072918253   8177.573440382     -5.269672449
       473        N10-3 116.7622003 -26.75086263   -223.604651918   8183.636919118     -5.278631853
       474        N10-4 116.7629698 -26.75068532   -147.060647871   8203.283905177     -5.301766337
       475        N10-5 116.7626113 -26.75056634   -182.721851531   8216.466366128     -5.319735522
       476        N10-6 116.7623293 -26.75031407   -210.773687103   8244.417322442     -5.356837659
       477        N11-1 116.8051832 -26.72196935   4053.043501707  11384.342623264    -11.494485526
       478        N11-2 116.8048251 -26.72182177   4017.418521554  11400.705717214    -11.501326623
       479        N11-3 116.8052279 -26.72161185   4057.503730308  11423.951828990    -11.568473183
       480        N11-4  116.804888  -26.7214978   4023.688333399  11436.599268447    -11.569837180
       481        N11-5 116.8056074 -26.72145048   4095.269038082  11441.819274600    -11.624771248
       482        N11-6 116.8051393 -26.72108151   4048.706962624  11482.715781002    -11.668905375
       483        N12-1 116.7246454 -26.71301006  -3960.601694408  12377.051448302    -13.294267486
       484        N12-2 116.7254414 -26.71294578  -3881.397424812  12384.198177479    -13.259546639
       485        N12-3  116.724987 -26.71276973  -3926.618829190  12403.690334860    -13.325262357
       486        N12-4 116.7253591 -26.71246973  -3889.602915330  12436.941427779    -13.367651232
       487        N12-5 116.7244721 -26.71244054  -3977.865804025  12440.148163431    -13.428333976
       488        N12-6 116.7250108 -26.71240138  -3924.263218955  12444.503807846    -13.403687939
       489        N13-1 116.6800133  -26.6850214  -8403.796760296  15475.980483675    -24.396271622
       490        N13-2 116.6804197 -26.68492388  -8363.354956293  15486.812361374    -24.369564898
       491        N13-3 116.6797939 -26.68475241  -8425.653378785  15505.769558530    -24.497777743
       492        N13-4  116.680207 -26.68455841  -8384.551704870  15527.291760662    -24.496254795
       493        N13-5 116.6798233 -26.68435021  -8422.756753025  15550.334553939    -24.602960825
       494        N13-6 116.6802391 -26.68422317  -8381.381300398  15564.437874853    -24.583054578
       495        N14-1 116.6251826 -26.66182193 -13863.886660869  18041.626699183    -40.694177943
       496        N14-2 116.6254959 -26.66167061 -13832.715960915  18058.426779765    -40.674312379
       497        N14-3 116.6252036 -26.66138424 -13861.849000294  18090.124039308    -40.827765141
       498        N14-4 116.6248264  -26.6613602 -13899.402231516  18092.746378962    -40.916910173
       499        N14-5 116.6254433 -26.66107185 -13838.024507333  18124.762278805    -40.874865357
       500        N14-6 116.6248821 -26.66097463 -13893.903980817  18135.472742575    -41.026853374
       501        N15-1 116.5451234 -26.70516586 -21825.490711467  13227.948917561    -51.098881420
       502        N15-2 116.5456468 -26.70502263 -21773.433520806  13243.908449760    -50.954352197
       503        N15-3 116.5447981 -26.70481611 -21857.928629965  13266.644729455    -51.290638566
       504        N15-4 116.5452092  -26.7047463 -21817.032545389  13274.450277834    -51.167028899
       505        N15-5 116.5455271 -26.70460081 -21785.425338408  13290.624934937    -51.092906308
       506        N15-6 116.5448237 -26.70440536 -21855.459518746  13312.159612919    -51.377463515
       507        N16-1 116.4524469 -26.60137167 -31075.946635102  24708.762629987   -123.740604390
       508        N16-2 116.4531217 -26.60115099 -31008.795372897  24733.378096613   -123.509850597
       509        N16-3 116.4525556 -26.60097515 -31065.227094021  24752.722100970   -123.859673970
       510        N16-4 116.4530242 -26.60081122 -31018.598111168  24770.999471623   -123.704175752
       511        N16-5 116.4521976 -26.60076065 -31100.942367639  24776.400221154   -124.125984688
       512        N16-6 116.4525843 -26.60061336 -31062.466232880  24792.814041657   -124.002689769
