#obsid (GPS seconds), beam elevation [deg], beam azimuth [deg], lst [hours], delay settings 
1061306176,52.806,101.31,21.183,0;5;10;15;1;6;11;16;2;7;12;17;3;8;13;18
1061306296,52.806,101.31,21.217,0;5;10;15;1;6;11;16;2;7;12;17;3;8;13;18
1061306416,52.806,101.31,21.25,0;5;10;15;1;6;11;16;2;7;12;17;3;8;13;18
1061306536,52.806,101.31,21.284,0;5;10;15;1;6;11;16;2;7;12;17;3;8;13;18
1061306664,52.806,101.31,21.319,0;5;10;15;1;6;11;16;2;7;12;17;3;8;13;18
1061306784,52.806,101.31,21.353,0;5;10;15;1;6;11;16;2;7;12;17;3;8;13;18
1061306904,52.806,101.31,21.386,0;5;10;15;1;6;11;16;2;7;12;17;3;8;13;18
1061307024,52.806,101.31,21.42,0;5;10;15;1;6;11;16;2;7;12;17;3;8;13;18
1061307152,52.806,101.31,21.455,0;5;10;15;1;6;11;16;2;7;12;17;3;8;13;18
1061307272,52.806,101.31,21.489,0;5;10;15;1;6;11;16;2;7;12;17;3;8;13;18
1061307392,52.806,101.31,21.522,0;5;10;15;1;6;11;16;2;7;12;17;3;8;13;18
1061307512,60.737,104.036,21.555,0;4;8;12;1;5;9;13;2;6;10;14;3;7;11;15
1061307640,60.737,104.036,21.591,0;4;8;12;1;5;9;13;2;6;10;14;3;7;11;15
1061307760,60.737,104.036,21.625,0;4;8;12;1;5;9;13;2;6;10;14;3;7;11;15
1061307880,60.737,104.036,21.658,0;4;8;12;1;5;9;13;2;6;10;14;3;7;11;15
1061308000,60.737,104.036,21.691,0;4;8;12;1;5;9;13;2;6;10;14;3;7;11;15
1061308128,60.737,104.036,21.727,0;4;8;12;1;5;9;13;2;6;10;14;3;7;11;15
1061308248,60.737,104.036,21.76,0;4;8;12;1;5;9;13;2;6;10;14;3;7;11;15
1061308368,60.737,104.036,21.794,0;4;8;12;1;5;9;13;2;6;10;14;3;7;11;15
1061308488,60.737,104.036,21.827,0;4;8;12;1;5;9;13;2;6;10;14;3;7;11;15
1061308616,60.737,104.036,21.863,0;4;8;12;1;5;9;13;2;6;10;14;3;7;11;15
1061308736,60.737,104.036,21.896,0;4;8;12;1;5;9;13;2;6;10;14;3;7;11;15
1061308856,60.737,104.036,21.93,0;4;8;12;1;5;9;13;2;6;10;14;3;7;11;15
1061308976,60.737,104.036,21.963,0;4;8;12;1;5;9;13;2;6;10;14;3;7;11;15
1061309104,60.737,104.036,21.999,0;4;8;12;1;5;9;13;2;6;10;14;3;7;11;15
1061309224,60.737,104.036,22.032,0;4;8;12;1;5;9;13;2;6;10;14;3;7;11;15
1061309344,60.737,104.036,22.066,0;4;8;12;1;5;9;13;2;6;10;14;3;7;11;15
1061309464,60.737,104.036,22.099,0;4;8;12;1;5;9;13;2;6;10;14;3;7;11;15
1061309592,69.166,90.0,22.135,0;3;6;9;0;3;6;9;0;3;6;9;0;3;6;9
1061309712,69.166,90.0,22.168,0;3;6;9;0;3;6;9;0;3;6;9;0;3;6;9
1061309832,69.166,90.0,22.202,0;3;6;9;0;3;6;9;0;3;6;9;0;3;6;9
1061309952,69.166,90.0,22.235,0;3;6;9;0;3;6;9;0;3;6;9;0;3;6;9
1061310080,69.166,90.0,22.271,0;3;6;9;0;3;6;9;0;3;6;9;0;3;6;9
1061310200,69.166,90.0,22.304,0;3;6;9;0;3;6;9;0;3;6;9;0;3;6;9
1061310320,69.166,90.0,22.338,0;3;6;9;0;3;6;9;0;3;6;9;0;3;6;9
1061310440,69.166,90.0,22.371,0;3;6;9;0;3;6;9;0;3;6;9;0;3;6;9
1061310568,69.166,90.0,22.407,0;3;6;9;0;3;6;9;0;3;6;9;0;3;6;9
1061310688,69.166,90.0,22.44,0;3;6;9;0;3;6;9;0;3;6;9;0;3;6;9
1061310808,69.166,90.0,22.473,0;3;6;9;0;3;6;9;0;3;6;9;0;3;6;9
1061310928,69.166,90.0,22.507,0;3;6;9;0;3;6;9;0;3;6;9;0;3;6;9
1061311056,69.166,90.0,22.543,0;3;6;9;0;3;6;9;0;3;6;9;0;3;6;9
1061311176,69.166,90.0,22.576,0;3;6;9;0;3;6;9;0;3;6;9;0;3;6;9
1061311296,69.166,90.0,22.609,0;3;6;9;0;3;6;9;0;3;6;9;0;3;6;9
1061311416,69.166,90.0,22.643,0;3;6;9;0;3;6;9;0;3;6;9;0;3;6;9
1061311544,69.166,90.0,22.679,0;3;6;9;0;3;6;9;0;3;6;9;0;3;6;9
1061311664,76.284,90.0,22.712,0;2;4;6;0;2;4;6;0;2;4;6;0;2;4;6
1061311784,76.284,90.0,22.745,0;2;4;6;0;2;4;6;0;2;4;6;0;2;4;6
1061311904,76.284,90.0,22.779,0;2;4;6;0;2;4;6;0;2;4;6;0;2;4;6
1061312032,76.284,90.0,22.814,0;2;4;6;0;2;4;6;0;2;4;6;0;2;4;6
1061312152,76.284,90.0,22.848,0;2;4;6;0;2;4;6;0;2;4;6;0;2;4;6
1061312272,76.284,90.0,22.881,0;2;4;6;0;2;4;6;0;2;4;6;0;2;4;6
1061312392,76.284,90.0,22.915,0;2;4;6;0;2;4;6;0;2;4;6;0;2;4;6
1061312520,76.284,90.0,22.95,0;2;4;6;0;2;4;6;0;2;4;6;0;2;4;6
1061312640,76.284,90.0,22.984,0;2;4;6;0;2;4;6;0;2;4;6;0;2;4;6
1061312760,76.284,90.0,23.017,0;2;4;6;0;2;4;6;0;2;4;6;0;2;4;6
1061312880,76.284,90.0,23.051,0;2;4;6;0;2;4;6;0;2;4;6;0;2;4;6
1061313008,76.284,90.0,23.086,0;2;4;6;0;2;4;6;0;2;4;6;0;2;4;6
1061313128,76.284,90.0,23.12,0;2;4;6;0;2;4;6;0;2;4;6;0;2;4;6
1061313248,76.284,90.0,23.153,0;2;4;6;0;2;4;6;0;2;4;6;0;2;4;6
1061313368,76.284,90.0,23.187,0;2;4;6;0;2;4;6;0;2;4;6;0;2;4;6
1061313496,76.284,90.0,23.222,0;2;4;6;0;2;4;6;0;2;4;6;0;2;4;6
1061313616,83.191,90.0,23.256,0;1;2;3;0;1;2;3;0;1;2;3;0;1;2;3
1061313736,83.191,90.0,23.289,0;1;2;3;0;1;2;3;0;1;2;3;0;1;2;3
1061313856,83.191,90.0,23.322,0;1;2;3;0;1;2;3;0;1;2;3;0;1;2;3
1061313984,83.191,90.0,23.358,0;1;2;3;0;1;2;3;0;1;2;3;0;1;2;3
1061314104,83.191,90.0,23.392,0;1;2;3;0;1;2;3;0;1;2;3;0;1;2;3
1061314224,83.191,90.0,23.425,0;1;2;3;0;1;2;3;0;1;2;3;0;1;2;3
1061314344,83.191,90.0,23.458,0;1;2;3;0;1;2;3;0;1;2;3;0;1;2;3
1061314472,83.191,90.0,23.494,0;1;2;3;0;1;2;3;0;1;2;3;0;1;2;3
1061314592,83.191,90.0,23.527,0;1;2;3;0;1;2;3;0;1;2;3;0;1;2;3
1061314712,83.191,90.0,23.561,0;1;2;3;0;1;2;3;0;1;2;3;0;1;2;3
1061314832,83.191,90.0,23.594,0;1;2;3;0;1;2;3;0;1;2;3;0;1;2;3
1061314960,83.191,90.0,23.63,0;1;2;3;0;1;2;3;0;1;2;3;0;1;2;3
1061315080,83.191,90.0,23.663,0;1;2;3;0;1;2;3;0;1;2;3;0;1;2;3
1061315200,83.191,90.0,23.697,0;1;2;3;0;1;2;3;0;1;2;3;0;1;2;3
1061315320,83.191,90.0,23.73,0;1;2;3;0;1;2;3;0;1;2;3;0;1;2;3
1061315448,90.0,0.0,23.766,0;0;0;0;0;0;0;0;0;0;0;0;0;0;0;0
1061315568,90.0,0.0,23.799,0;0;0;0;0;0;0;0;0;0;0;0;0;0;0;0
1061315688,90.0,0.0,23.833,0;0;0;0;0;0;0;0;0;0;0;0;0;0;0;0
1061315808,90.0,0.0,23.866,0;0;0;0;0;0;0;0;0;0;0;0;0;0;0;0
1061315936,90.0,0.0,23.902,0;0;0;0;0;0;0;0;0;0;0;0;0;0;0;0
1061316056,90.0,0.0,23.935,0;0;0;0;0;0;0;0;0;0;0;0;0;0;0;0
1061316176,90.0,0.0,23.969,0;0;0;0;0;0;0;0;0;0;0;0;0;0;0;0
1061316296,90.0,0.0,0.002,0;0;0;0;0;0;0;0;0;0;0;0;0;0;0;0
1061316424,90.0,0.0,0.038,0;0;0;0;0;0;0;0;0;0;0;0;0;0;0;0
1061316544,90.0,0.0,0.071,0;0;0;0;0;0;0;0;0;0;0;0;0;0;0;0
1061316664,90.0,0.0,0.105,0;0;0;0;0;0;0;0;0;0;0;0;0;0;0;0
1061316784,90.0,0.0,0.138,0;0;0;0;0;0;0;0;0;0;0;0;0;0;0;0
1061316912,90.0,0.0,0.174,0;0;0;0;0;0;0;0;0;0;0;0;0;0;0;0
1061317032,90.0,0.0,0.207,0;0;0;0;0;0;0;0;0;0;0;0;0;0;0;0
1061317152,90.0,0.0,0.241,0;0;0;0;0;0;0;0;0;0;0;0;0;0;0;0
1061317272,83.191,270.0,0.274,3;2;1;0;3;2;1;0;3;2;1;0;3;2;1;0
1061317400,83.191,270.0,0.31,3;2;1;0;3;2;1;0;3;2;1;0;3;2;1;0
1061317520,83.191,270.0,0.343,3;2;1;0;3;2;1;0;3;2;1;0;3;2;1;0
1061317640,83.191,270.0,0.376,3;2;1;0;3;2;1;0;3;2;1;0;3;2;1;0
1061317760,83.191,270.0,0.41,3;2;1;0;3;2;1;0;3;2;1;0;3;2;1;0
1061317888,83.191,270.0,0.446,3;2;1;0;3;2;1;0;3;2;1;0;3;2;1;0
1061318008,83.191,270.0,0.479,3;2;1;0;3;2;1;0;3;2;1;0;3;2;1;0
1061318128,83.191,270.0,0.512,3;2;1;0;3;2;1;0;3;2;1;0;3;2;1;0
1061318248,83.191,270.0,0.546,3;2;1;0;3;2;1;0;3;2;1;0;3;2;1;0
1061318376,83.191,270.0,0.581,3;2;1;0;3;2;1;0;3;2;1;0;3;2;1;0
1061318496,83.191,270.0,0.615,3;2;1;0;3;2;1;0;3;2;1;0;3;2;1;0
1061318616,83.191,270.0,0.648,3;2;1;0;3;2;1;0;3;2;1;0;3;2;1;0
1061318736,83.191,270.0,0.682,3;2;1;0;3;2;1;0;3;2;1;0;3;2;1;0
1061318864,83.191,270.0,0.717,3;2;1;0;3;2;1;0;3;2;1;0;3;2;1;0
1061318984,83.191,270.0,0.751,3;2;1;0;3;2;1;0;3;2;1;0;3;2;1;0
1061319104,76.284,270.0,0.784,6;4;2;0;6;4;2;0;6;4;2;0;6;4;2;0
1061319224,76.284,270.0,0.818,6;4;2;0;6;4;2;0;6;4;2;0;6;4;2;0
1061319352,76.284,270.0,0.853,6;4;2;0;6;4;2;0;6;4;2;0;6;4;2;0
1061319472,76.284,270.0,0.887,6;4;2;0;6;4;2;0;6;4;2;0;6;4;2;0
1061319592,76.284,270.0,0.92,6;4;2;0;6;4;2;0;6;4;2;0;6;4;2;0
1061319712,76.284,270.0,0.954,6;4;2;0;6;4;2;0;6;4;2;0;6;4;2;0
1061319840,76.284,270.0,0.989,6;4;2;0;6;4;2;0;6;4;2;0;6;4;2;0
1061319960,76.284,270.0,1.023,6;4;2;0;6;4;2;0;6;4;2;0;6;4;2;0
1061320080,76.284,270.0,1.056,6;4;2;0;6;4;2;0;6;4;2;0;6;4;2;0
1061320200,76.284,270.0,1.09,6;4;2;0;6;4;2;0;6;4;2;0;6;4;2;0
1061320328,76.284,270.0,1.125,6;4;2;0;6;4;2;0;6;4;2;0;6;4;2;0
1061320448,76.284,270.0,1.159,6;4;2;0;6;4;2;0;6;4;2;0;6;4;2;0
1061320568,76.284,270.0,1.192,6;4;2;0;6;4;2;0;6;4;2;0;6;4;2;0
1061320688,76.284,270.0,1.225,6;4;2;0;6;4;2;0;6;4;2;0;6;4;2;0
1061320816,76.284,270.0,1.261,6;4;2;0;6;4;2;0;6;4;2;0;6;4;2;0
1061320936,69.166,270.0,1.295,9;6;3;0;9;6;3;0;9;6;3;0;9;6;3;0
1061321056,69.166,270.0,1.328,9;6;3;0;9;6;3;0;9;6;3;0;9;6;3;0
1061321176,69.166,270.0,1.361,9;6;3;0;9;6;3;0;9;6;3;0;9;6;3;0
1061321304,69.166,270.0,1.397,9;6;3;0;9;6;3;0;9;6;3;0;9;6;3;0
1061321424,69.166,270.0,1.43,9;6;3;0;9;6;3;0;9;6;3;0;9;6;3;0
1061321544,69.166,270.0,1.464,9;6;3;0;9;6;3;0;9;6;3;0;9;6;3;0
1061321664,69.166,270.0,1.497,9;6;3;0;9;6;3;0;9;6;3;0;9;6;3;0
1061321792,69.166,270.0,1.533,9;6;3;0;9;6;3;0;9;6;3;0;9;6;3;0
1061321912,69.166,270.0,1.566,9;6;3;0;9;6;3;0;9;6;3;0;9;6;3;0
1061322032,69.166,270.0,1.6,9;6;3;0;9;6;3;0;9;6;3;0;9;6;3;0
1061322152,69.166,270.0,1.633,9;6;3;0;9;6;3;0;9;6;3;0;9;6;3;0
1061322280,69.166,270.0,1.669,9;6;3;0;9;6;3;0;9;6;3;0;9;6;3;0
1061322400,69.166,270.0,1.702,9;6;3;0;9;6;3;0;9;6;3;0;9;6;3;0
1061322520,69.166,270.0,1.736,9;6;3;0;9;6;3;0;9;6;3;0;9;6;3;0
1061322640,69.166,270.0,1.769,9;6;3;0;9;6;3;0;9;6;3;0;9;6;3;0
1061322768,69.166,270.0,1.805,9;6;3;0;9;6;3;0;9;6;3;0;9;6;3;0
1061322888,69.166,270.0,1.838,9;6;3;0;9;6;3;0;9;6;3;0;9;6;3;0
1061323008,69.166,270.0,1.872,9;6;3;0;9;6;3;0;9;6;3;0;9;6;3;0
1061323128,60.737,255.964,1.905,12;8;4;0;13;9;5;1;14;10;6;2;15;11;7;3
1061323256,60.737,255.964,1.941,12;8;4;0;13;9;5;1;14;10;6;2;15;11;7;3
1061323376,60.737,255.964,1.974,12;8;4;0;13;9;5;1;14;10;6;2;15;11;7;3
1061323496,60.737,255.964,2.008,12;8;4;0;13;9;5;1;14;10;6;2;15;11;7;3
